
Name:	Kounotori	ITEMS:	161	223	932	977	1049	190	128	761	506	1247	601	752	
Name:	Progress 	ITEMS:	725	564	792	208	1063	717	1234	554	689	1083	968	
Name:	Progress 	ITEMS:	478	467	891	614	1042	610	244	1095	1188	965	648	200	
Name:	Verne_ATV	ITEMS:	595	345	67	1026	1024	1012	143	639	683	917	983	400	991	1209	306	397	271	
Name:	Progress 	ITEMS:	122	739	538	712	316	423	959	843	1014	855	948	1003	
Name:	Verne_ATV	ITEMS:	1212	804	428	1138	606	314	213	408	603	875	399	540	1035	347	
Name:	Progress 	ITEMS:	360	60	1116	1060	939	815	788	740	954	1094	1062	861	
Name:	Progress 	ITEMS:	425	1214	987	576	9	543	600	654	1065	180	30	
Name:	Verne_ATV	ITEMS:	39	255	290	537	1122	768	1216	153	241	512	736	194	522	
Name:	Progress 	ITEMS:	492	1126	1087	1190	988	589	757	78	1168	867	507	
Name:	Verne_ATV	ITEMS:	819	487	753	951	305	1165	176	70	1172	691	1061	24	263	12	
Name:	Progress 	ITEMS:	813	560	1169	1135	356	461	196	1200	528	876	369	259	
Name:	Verne_ATV	ITEMS:	1185	1080	1047	1018	625	912	341	669	133	1130	504	440	261	229	
Name:	Progress 	ITEMS:	514	517	381	258	1117	888	531	1028	1058	303	265	
Name:	Progress 	ITEMS:	197	718	764	272	658	544	13	87	611	1036	1154	1150	
Name:	Progress 	ITEMS:	558	1006	817	479	1173	919	684	206	663	890	672	
Name:	Verne_ATV	ITEMS:	591	116	1031	166	943	1167	485	1149	881	406	1108	1133	820	496	1067	562	
Name:	Progress 	ITEMS:	493	3	1203	889	294	1038	750	432	938	46	1186	81	
Name:	Verne_ATV	ITEMS:	211	115	58	434	1013	248	563	283	730	498	626	
Name:	Progress 	ITEMS:	638	134	1016	249	668	656	901	481	83	551	1072	710	
Name:	Progress 	ITEMS:	1119	292	464	737	695	1140	866	98	726	1069	1189	1078	674	1111	
Name:	Verne_ATV	ITEMS:	278	66	438	1246	1232	1100	709	690	887	160	781	895	1124	974	604	
Name:	Progress 	ITEMS:	1044	704	862	126	59	865	738	1159	800	696	413	
Name:	Verne_ATV	ITEMS:	885	212	1237	550	424	71	162	298	1037	327	850	796	
Name:	Progress 	ITEMS:	177	1123	437	470	7	1219	918	281	801	587	1170	828	
Name:	Progress 	ITEMS:	898	848	1229	682	267	320	1243	392	1199	582	402	579	883	228	
Name:	Verne_ATV	ITEMS:	1210	284	502	1223	553	1240	949	729	199	722	169	295	119	
Name:	Progress 	ITEMS:	256	1221	598	847	1093	486	16	934	676	416	435	681	1217	
Name:	Verne_ATV	ITEMS:	957	1007	123	1235	825	286	106	665	74	532	348	650	382	404	
Name:	Progress 	ITEMS:	852	728	664	940	315	958	985	806	343	379	118	976	
Name:	Progress 	ITEMS:	765	858	127	1139	809	462	673	403	222	945	1011	1242	
Name:	Verne_ATV	ITEMS:	812	1177	1224	429	376	185	1156	1204	720	727	741	998	549	686	324	541	
Name:	Progress 	ITEMS:	980	232	1057	1160	592	697	964	926	960	1181	1050	749	457	641	
Name:	Progress 	ITEMS:	331	182	1228	894	401	774	521	1090	516	769	1155	
Name:	Progress 	ITEMS:	519	152	1141	970	266	742	23	807	633	692	409	
Name:	Verne_ATV	ITEMS:	533	69	990	1127	280	1085	821	307	1239	38	1075	1191	982	
Name:	Verne_ATV	ITEMS:	172	332	195	147	260	1134	585	1055	942	613	578	655	880	411	688	
Name:	Verne_ATV	ITEMS:	380	1032	120	269	357	755	1073	477	1088	1020	1121	713	1070	897	1208	
Name:	Verne_ATV	ITEMS:	1021	310	489	556	548	849	1029	893	483	842	445	732	73	8	
Name:	Verne_ATV	ITEMS:	124	350	191	90	873	31	1015	236	1092	1233	1129	928	520	572	
Name:	Verne_ATV	ITEMS:	1074	1113	892	903	1082	616	1079	617	698	455	1115	366	135	365	
Name:	Verne_ATV	ITEMS:	155	864	671	427	174	1211	927	708	529	771	1241	703	1136	910	418	449	
Name:	Verne_ATV	ITEMS:	104	495	1048	301	293	989	693	407	995	1001	793	1005	632	916	
Name:	Verne_ATV	ITEMS:	476	474	1103	702	1144	1162	844	1250	458	364	154	237	
Name:	Verne_ATV	ITEMS:	884	184	666	1000	1064	391	210	580	1180	329	156	1025	86	
Name:	Verne_ATV	ITEMS:	1194	452	593	1043	64	450	32	772	1142	325	131	27	309	
Name:	Verne_ATV	ITEMS:	1106	609	794	588	11	436	596	1147	374	105	276	339	
Name:	Verne_ATV	ITEMS:	936	1205	714	924	1132	953	1198	1202	240	909	459	1201	18	45	173	856	
Name:	Verne_ATV	ITEMS:	14	622	375	1236	1096	146	187	776	789	1034	1137	1206	802	
Name:	Verne_ATV	ITEMS:	48	2	289	102	112	225	1176	555	17	518	623	705	
Name:	Verne_ATV	ITEMS:	277	869	854	443	351	1114	270	1102	933	414	763	586	150	783	442	1187	
Name:	Verne_ATV	ITEMS:	913	336	816	65	830	1068	242	935	333	831	239	637	274	
Name:	Verne_ATV	ITEMS:	818	754	833	782	798	1101	1151	1052	430	233	205	164	371	220	
Name:	Verne_ATV	ITEMS:	1089	700	946	931	1171	569	527	227	216	358	808	226	
Name:	Verne_ATV	ITEMS:	857	494	552	1086	473	979	779	914	419	178	904	49	1059	581	36	
Name:	Verne_ATV	ITEMS:	217	26	944	114	51	628	136	4	878	302	1112	651	1244	1166	929	1128	1071	
Name:	Verne_ATV	ITEMS:	649	571	165	499	1207	1008	653	530	273	583	981	88	575	872	
Name:	Verne_ATV	ITEMS:	1091	999	971	344	72	444	941	766	463	5	646	171	422	89	
Name:	Verne_ATV	ITEMS:	972	1174	509	1110	620	966	775	1131	1077	101	308	1002	43	394	
Name:	Verne_ATV	ITEMS:	952	1231	1249	961	905	838	836	111	188	930	832	505	230	
Name:	Verne_ATV	ITEMS:	385	340	282	353	542	75	389	925	1017	1146	460	1197	636	
Name:	Verne_ATV	ITEMS:	851	762	1009	68	992	735	590	1118	317	1084	1054	841	471	1163	545	157	
Name:	Verne_ATV	ITEMS:	652	778	1178	760	733	922	1218	245	218	183	253	874	
Name:	Verne_ATV	ITEMS:	334	1120	1023	41	621	321	780	193	468	158	993	412	268	744	
Name:	Verne_ATV	ITEMS:	488	234	454	899	721	55	1076	612	1227	561	291	393	501	219	630	80	
Name:	Verne_ATV	ITEMS:	390	642	28	148	482	1161	716	62	784	723	465	759	1105	1053	
Name:	Verne_ATV	ITEMS:	1179	565	319	967	257	834	1010	536	1045	420	619	570	29	986	398	
Name:	Verne_ATV	ITEMS:	167	902	456	975	103	997	1041	767	745	557	1153	285	377	1107	34	
Name:	Verne_ATV	ITEMS:	318	113	363	145	415	141	827	797	448	711	602	719	701	
Name:	Verne_ATV	ITEMS:	1226	410	837	322	246	22	202	92	37	198	469	584	1040	
Name:	Verne_ATV	ITEMS:	326	159	349	121	359	417	252	680	994	1039	773	670	814	1222	1097	
Name:	Verne_ATV	ITEMS:	799	386	82	368	546	192	279	1248	1148	1081	624	597	383	42	
Name:	Verne_ATV	ITEMS:	109	373	6	215	330	63	743	618	805	446	947	921	
Name:	Verne_ATV	ITEMS:	313	675	311	677	937	117	497	860	747	871	906	1230	786	566	534	984	724	
Name:	Verne_ATV	ITEMS:	35	170	707	175	264	1182	510	1051	1184	525	640	907	
Name:	Verne_ATV	ITEMS:	50	378	900	100	238	500	53	346	1019	79	1245	687	
Name:	Verne_ATV	ITEMS:	706	1164	323	472	956	1183	1098	93	275	335	254	130	
Name:	Verne_ATV	ITEMS:	746	568	33	1175	559	524	574	181	1056	328	149	296	204	
Name:	Verne_ATV	ITEMS:	795	660	923	99	978	1158	908	1143	547	20	300	491	224	355	
Name:	Verne_ATV	ITEMS:	299	615	85	1157	110	396	94	203	426	644	1125	
Name:	Verne_ATV	ITEMS:	657	44	853	151	441	734	342	1030	312	25	186	
Name:	Verne_ATV	ITEMS:	129	859	61	250	138	57	451	433	839	863	503	963	803	439	
Name:	Verne_ATV	ITEMS:	667	511	1027	352	659	1213	886	535	896	911	76	490	84	214	221	304	
Name:	Verne_ATV	ITEMS:	251	231	384	508	97	1225	338	54	635	125	367	777	840	
Name:	Verne_ATV	ITEMS:	920	627	973	715	811	605	370	810	361	678	1004	431	287	56	
Name:	Verne_ATV	ITEMS:	337	679	526	207	21	235	513	634	685	137	694	791	1066	
Name:	Verne_ATV	ITEMS:	608	1196	846	645	447	950	662	868	915	879	107	297	77	573	179	
Name:	Verne_ATV	ITEMS:	826	699	790	1195	1099	756	751	824	829	577	661	168	354	1104	19	
Name:	Verne_ATV	ITEMS:	969	567	475	47	845	52	770	15	1220	142	10	
Name:	Verne_ATV	ITEMS:	139	372	95	594	108	523	1109	480	731	387	1022	453	
Name:	Verne_ATV	ITEMS:	388	209	144	288	132	748	1033	1145	607	539	421	996	
Name:	Verne_ATV	ITEMS:	262	243	395	96	1046	91	785	835	362	870	515	
Name:	Verne_ATV	ITEMS:	163	140	647	882	599	1	629	405	247	962	1238	40	823	466	
Name:	Verne_ATV	ITEMS:	1152	484	787	1192	1215	955	1193	631	189	822	758	643	877	201	