
Name:	Kounotori	ITEMS:	729	185	153	223	242	63	198	307	210	342	
Name:	Cygnus   	ITEMS:	160	112	238	755	1008	550	358	175	171	170	274	217	
Name:	Verne_ATV	ITEMS:	1101	1041	911	917	933	734	1216	564	37	430	4	648	879	146	1073	
Name:	Cygnus   	ITEMS:	647	34	1130	549	758	1126	357	990	629	1236	317	482	303	379	
Name:	Verne_ATV	ITEMS:	193	445	842	333	417	669	580	1172	665	1112	52	829	612	784	598	579	1098	11	
Name:	Progress 	ITEMS:	1125	467	996	1106	1210	815	1141	721	1248	893	372	
Name:	Kounotori	ITEMS:	439	1072	982	795	823	604	852	786	584	919	376	1190	1213	806	792	639	567	1081	1075	975	839	1149	922	978	
Name:	ThianZhou	ITEMS:	1212	413	1247	828	511	507	814	670	1078	194	1117	560	1021	81	659	663	985	655	1026	666	446	1249	1109	993	783	294	961	1013	
Name:	Dragon   	ITEMS:	1030	628	1167	21	300	186	113	261	82	1107	154	679	335	1025	149	116	152	637	349	900	378	324	255	399	304	226	397	129	
Name:	Cygnus   	ITEMS:	779	325	493	71	270	1220	707	1002	95	671	377	365	347	986	271	
Name:	Verne_ATV	ITEMS:	299	285	291	603	878	712	1058	887	181	932	510	151	141	1088	
Name:	Progress 	ITEMS:	802	818	681	682	16	460	367	553	1240	967	720	590	
Name:	Kounotori	ITEMS:	1204	1160	150	1144	1191	605	903	480	1033	945	866	1219	951	731	960	184	699	167	607	645	1074	1214	752	652	861	
Name:	ThianZhou	ITEMS:	796	706	1053	1208	1154	1124	929	740	870	705	1042	1022	963	895	98	1181	738	923	1136	650	502	1038	65	820	764	1176	620	730	1108	426	64	873	
Name:	Dragon   	ITEMS:	197	172	313	533	649	355	195	84	122	121	882	1119	859	864	173	505	60	24	573	869	622	504	297	1246	495	1016	877	537	1237	431	6	1054	
Name:	Cygnus   	ITEMS:	979	232	93	189	216	1221	1242	599	69	491	725	183	191	350	
Name:	Verne_ATV	ITEMS:	125	54	128	698	810	391	252	199	202	768	28	227	998	
Name:	Progress 	ITEMS:	1085	953	236	1171	1068	1077	137	1178	1091	1089	812	633	
Name:	Kounotori	ITEMS:	997	735	1131	1001	1193	805	479	827	683	906	1079	793	1241	1113	470	566	910	676	552	744	404	381	1097	692	1003	
Name:	ThianZhou	ITEMS:	872	409	466	800	33	641	522	773	724	855	891	958	474	486	623	602	284	684	816	1018	498	1012	447	1064	428	756	617	782	824	949	
Name:	Dragon   	ITEMS:	1143	1115	780	619	708	192	678	207	340	1004	1122	58	508	1211	108	312	1120	292	594	104	368	570	275	265	48	
Name:	Cygnus   	ITEMS:	56	380	228	1235	1226	231	177	293	989	722	94	245	407	
Name:	Verne_ATV	ITEMS:	885	322	1061	420	577	914	176	1203	1049	190	868	844	834	524	497	203	
Name:	Progress 	ITEMS:	1076	596	344	899	860	283	47	1132	757	777	672	
Name:	Kounotori	ITEMS:	436	527	1223	785	787	401	1000	1067	7	694	1093	17	23	801	244	487	726	562	352	1159	457	435	525	778	769	
Name:	ThianZhou	ITEMS:	74	635	91	452	981	871	902	1019	926	750	988	632	1200	761	1175	554	382	940	934	1238	416	608	425	921	
Name:	Dragon   	ITEMS:	915	771	477	937	1056	286	1127	991	235	501	642	97	138	366	114	20	288	1	438	14	26	10	109	
Name:	Cygnus   	ITEMS:	1156	3	1158	935	691	369	142	178	581	224	50	179	36	
Name:	Verne_ATV	ITEMS:	166	643	825	530	1153	727	415	213	767	241	1165	925	55	743	763	465	
Name:	Progress 	ITEMS:	789	273	838	845	1233	1192	970	715	1105	1164	1027	520	
Name:	Kounotori	ITEMS:	687	601	1150	952	1062	1229	528	918	668	555	833	448	1174	222	1024	658	249	1228	509	402	609	592	853	662	1148	
Name:	ThianZhou	ITEMS:	1202	298	1006	406	964	1195	1129	1047	484	1121	503	87	1069	846	804	1135	320	1169	453	543	1036	888	1168	714	83	506	1179	1205	1039	234	813	746	
Name:	Dragon   	ITEMS:	148	424	1114	393	205	41	1201	85	301	443	49	375	1023	1048	546	212	219	615	311	230	66	334	214	540	12	30	337	220	
Name:	Cygnus   	ITEMS:	155	19	394	290	260	464	269	218	841	1123	419	101	1161	547	693	862	182	
Name:	Verne_ATV	ITEMS:	180	105	15	96	1142	463	408	1198	343	75	441	1045	485	
Name:	Progress 	ITEMS:	473	454	1043	775	759	697	1087	886	1206	711	640	907	
Name:	Kounotori	ITEMS:	1017	569	613	1162	532	583	962	702	1034	931	1138	1133	266	316	383	994	788	1014	517	987	1128	1155	1185	
Name:	ThianZhou	ITEMS:	913	1187	268	1170	959	423	1231	969	1243	916	807	461	42	40	1186	664	774	315	1063	67	835	1230	1029	942	1183	450	
Name:	Dragon   	ITEMS:	709	1096	264	677	499	1163	76	157	188	174	427	169	135	1059	209	384	1031	832	440	134	630	490	89	140	519	262	39	309	390	
Name:	Cygnus   	ITEMS:	433	70	748	282	1100	246	405	133	538	27	279	331	278	124	326	
Name:	Verne_ATV	ITEMS:	941	536	1010	117	1250	836	248	631	776	680	162	1207	1104	360	
Name:	Progress 	ITEMS:	1245	657	936	421	984	1092	327	971	634	1020	766	625	
Name:	Kounotori	ITEMS:	883	62	983	1110	158	950	849	548	208	703	797	556	59	589	742	79	700	462	442	701	1094	688	848	514	819	947	
Name:	ThianZhou	ITEMS:	53	1046	578	206	336	345	876	559	644	753	196	78	575	565	938	689	880	531	1139	539	429	1224	765	627	696	898	1040	857	568	626	
Name:	Dragon   	ITEMS:	251	8	130	339	201	243	874	163	161	165	571	43	1209	61	930	250	328	354	168	434	132	233	1011	822	110	
Name:	Cygnus   	ITEMS:	732	1035	221	332	254	526	321	90	51	308	215	240	22	330	
Name:	Verne_ATV	ITEMS:	837	118	468	361	980	338	912	977	723	1239	225	586	1037	
Name:	Progress 	ITEMS:	512	685	881	850	126	1082	88	1197	1137	754	1196	478	
Name:	Kounotori	ITEMS:	476	488	954	948	884	1194	9	521	809	1070	1145	597	790	1095	392	1099	305	811	544	1009	1103	272	247	733	737	889	561	557	
Name:	ThianZhou	ITEMS:	791	1177	418	674	494	920	867	258	267	826	587	1152	719	736	600	1189	610	1050	1028	611	901	890	939	717	618	469	513	745	965	
Name:	Dragon   	ITEMS:	341	909	106	57	831	1157	621	927	976	1134	545	351	410	18	144	115	329	295	704	164	944	253	204	
Name:	Cygnus   	ITEMS:	1052	111	31	396	1084	739	661	100	102	799	123	306	395	
Name:	Verne_ATV	ITEMS:	995	1151	32	563	718	1102	1182	690	716	280	353	92	558	136	437	
Name:	Progress 	ITEMS:	257	1055	38	1146	472	999	781	412	762	946	713	1222	1217	
Name:	Kounotori	ITEMS:	710	1066	449	516	576	843	127	966	370	863	475	314	905	747	956	103	896	760	817	44	992	574	
Name:	ThianZhou	ITEMS:	414	1015	830	1065	348	518	651	928	1244	924	1234	656	865	13	673	281	851	654	46	1166	1086	356	614	749	636	323	1083	411	858	1090	
Name:	Dragon   	ITEMS:	542	187	770	459	904	145	854	107	1180	211	147	686	363	1232	120	289	373	371	1007	957	296	541	119	398	73	2	35	318	388	
Name:	Cygnus   	ITEMS:	80	256	591	139	77	741	471	943	451	276	875	529	458	585	400	1225	483	
Name:	Verne_ATV	ITEMS:	588	1227	455	1218	302	908	821	772	5	500	653	374	1147	1118	646	
Name:	Progress 	ITEMS:	968	1215	1051	1188	593	72	346	444	1057	
Name:	Kounotori	ITEMS:	389	523	798	68	456	751	955	535	319	606	1060	582	894	496	847	973	803	897	974	1071	595	840	551	515	
Name:	ThianZhou	ITEMS:	99	794	1173	143	695	616	624	1140	1184	1005	892	1199	489	310	403	432	362	660	387	534	972	481	728	1111	667	1080	572	
Name:	Dragon   	ITEMS:	131	156	1116	364	1044	25	45	229	386	492	263	259	808	86	856	239	29	359	675	385	1032	277	422	287	159	638	200	237	